{
//// Total number of frame elements : 8
//// Total number of veto PMTs : 0
"name": "FRAMEUPRIGHTSINFO",
"valid_begin": [0, 0],
"valid_end": [0, 0],
"x":     [-635.2544977260491, 635.2544977260491, 1533.640023968736, 1533.640023968736, 635.2544977260492, -635.2544977260488, -1533.6400239687357, -1533.6400239687357],
"y":     [1533.640023968736, 1533.640023968736, 635.2544977260492, -635.254497726049, -1533.640023968736, -1533.6400239687362, -635.25449772605, 635.2544977260494],
"z":     [0.0, 0.0, 0.0, 0.0, 0.0, 0.0, 0.0, 0.0],
"dir_x": [0.0, 0.0, 0.0, 0.0, 0.0, 0.0, 0.0, 0.0],
"dir_y": [0.0, 0.0, 0.0, 0.0, 0.0, 0.0, 0.0, 0.0],
"dir_z": [0.0, 0.0, 0.0, 0.0, 0.0, 0.0, 0.0, 0.0],
"type": [0, 0, 0, 0, 0, 0, 0, 0],
}